340.0
420.0
540.0
980.0
1228.87
1252.74
1840.0
1980.0
2080.0
3600.0
3640.0
3680.0
3760.0
3800.0
3840.0
3840.0
3880.0
3920.0
3940.0
3960.0
3980.0
3980.0
4000.0
4040.0
4160.0
4220.0
4240.0
4240.0
4260.0
4280.0
4300.0
4300.0
4460.0
4820.0
5100.0
5320.0
5780.0
6020.0
7520.0
8200.0
8300.0
8360.0
8400.0
8500.0
8580.0
9800.0
9880.0
10200.0
10400.0
10480.0
11660.0
11760.0
12120.0
12180.0
12220.0
12420.0
12431.75
12440.0
13520.0
13680.0
13840.0
13920.0
13980.0
14120.0
14760.0
15180.0
15380.0
15530.0
15980.0
15980.0
16080.0
16100.0
16140.0
16360.0
16440.0
16500.0
16540.0
16540.0
16547.98
16560.0
16580.0
16780.0
16800.0
16820.0
16860.0
16940.0
16980.0
16980.0
16980.0
17020.0
17040.0
17040.0
17140.0
17160.0
17200.0
17220.0
17280.0
17300.0
17400.0
17460.0
17500.0
17520.0
17580.0
17600.0
17640.0
17660.0
17780.0
17800.0
17940.0
17950.0
17950.0
17960.0
18020.0
18020.0
18020.0
18080.0
18360.0
18380.0
18420.0
18940.0
18949.14
18949.14
19081.81
19360.0
19440.0
20020.0
20040.0
20100.0
20120.0
20140.0
20560.0
20580.0
20600.0
20620.0
20640.0
20660.0
20680.0
20700.0
20703.05
20720.0
20740.0
20760.0
20780.0
20800.0
20820.0
20840.0
20860.0
20880.0
20900.0
21556.4
