980.0
1228.87
1980.0
3600.0
3640.0
3680.0
3760.0
3800.0
3840.0
3880.0
3920.0
3940.0
3960.0
3980.0
4000.0
4240.0
4460.0
5320.0
6020.0
8200.0
8400.0
8580.0
11660.0
12220.0
12420.0
12431.75
12440.0
13680.0
13840.0
13980.0
14120.0
15380.0
15980.0
16100.0
16440.0
16540.0
16547.98
16580.0
16820.0
16860.0
16980.0
16980.0
17040.0
17140.0
17160.0
17220.0
17400.0
17520.0
17600.0
17800.0
17950.0
17950.0
18020.0
18380.0
18420.0
18940.0
18949.14
18949.14
19081.81
19440.0
20020.0
20040.0
20100.0
20120.0
20140.0
20560.0
20580.0
20600.0
20620.0
20640.0
20660.0
20680.0
20700.0
20703.05
20720.0
20740.0
20760.0
20780.0
20800.0
20820.0
20840.0
20860.0
20880.0
20900.0
