2	32.31538192	55.57615971	1332.146
3	32.31548852	55.57595783	1332.258
4	32.31558264	55.57577732	1332.428
5	32.31567644	55.57559787	1332.791
6	32.31577093	55.57541858	1333.025
7	32.31586737	55.57523675	1333.267
8	32.31596175	55.57505662	1333.424
9	32.31605627	55.57487625	1333.453
10	32.31615101	55.57469543	1333.601
11	32.31624536	55.57451581	1333.722
12	32.31634011	55.57433515	1333.721
13	32.31643444	55.57415586	1333.654
14	32.31653112	55.57397301	1333.581
15	32.31662514	55.57379318	1333.497
16	32.31672021	55.57361345	1333.442
17	32.31681689	55.57342998	1333.49
18	32.31691124	55.57325036	1333.584
19	32.31700551	55.57307124	1333.506
20	32.31709971	55.57289206	1333.337
21	32.31719503	55.57271185	1333.268
22	32.31729194	55.57252816	1333.379
23	32.31738588	55.57235002	1333.449
24	32.3174816	55.57216779	1333.421
25	32.31757657	55.57198756	1333.32
26	32.3176718	55.57180691	1333.299
27	32.31776627	55.57162802	1333.414
28	32.31786129	55.57144893	1333.49
29	32.31795552	55.57126912	1333.517
30	32.31805141	55.57108701	1333.578
31	32.31814512	55.57090785	1333.672
32	32.31824026	55.5707267	1333.639
33	32.31833601	55.57054451	1333.628
34	32.31843042	55.57036513	1333.627
35	32.31852403	55.57018538	1333.621
36	32.31861867	55.57000475	1333.595
37	32.31871539	55.56982077	1333.607
38	32.31881073	55.56963934	1333.681
39	32.31890481	55.56946126	1333.629
40	32.31900136	55.5692796	1333.543
41	32.31909552	55.56910027	1333.523
42	32.31918944	55.56892055	1333.472
43	32.31928487	55.56873771	1333.428
44	32.31937919	55.56855703	1333.461
45	32.31947297	55.5683775	1333.5
46	32.31956689	55.56819872	1333.562
47	32.31966179	55.56801601	1333.678
48	32.31975689	55.56783524	1333.857
49	32.31984968	55.56765907	1334.064
50	32.31988972	55.56758273	1334.049
51	32.31972221	55.5674531	1334.414
52	32.31957731	55.56734163	1334.998
53	32.3195527	55.56732048	1335.128
54	32.31944676	55.5675189	1334.964
55	32.31935063	55.56769961	1335.046
56	32.31925556	55.56787988	1335.271
57	32.31915994	55.56805959	1335.52
58	32.31906421	55.56824259	1335.636
59	32.31896941	55.56842316	1336.038
60	32.31887548	55.56860303	1336.282
61	32.31878165	55.56878362	1336.737
62	32.31868593	55.56896761	1337.017
63	32.31859266	55.56914494	1337.129
64	32.31849621	55.56932786	1337.263
65	32.31840192	55.56950724	1337.32
66	32.31830733	55.56968576	1337.323
67	32.31821069	55.56986958	1337.375
68	32.3181162	55.57004889	1337.573
69	32.31802211	55.57022705	1337.412
70	32.31792793	55.57040623	1337.128
71	32.31783216	55.57058637	1336.791
72	32.3177368	55.57076711	1336.472
73	32.31764274	55.57094773	1336.362
74	32.31754826	55.57112755	1336.493
75	32.31745351	55.57131208	1336.689
76	32.31736058	55.57148995	1336.901
77	32.31726713	55.57166792	1336.922
78	32.31717177	55.57185069	1337.065
79	32.31707644	55.57203082	1337.239
80	32.31697982	55.57221141	1337.563
81	32.31688518	55.57239186	1337.652
82	32.31679139	55.57257255	1337.439
83	32.31669735	55.57274948	1336.839
84	32.31660174	55.57293151	1336.419
85	32.31650699	55.57311312	1336.608
86	32.31641165	55.57329371	1336.867
87	32.31631478	55.57347647	1337.143
88	32.31622091	55.57365633	1337.249
89	32.31612646	55.57383589	1337.254
90	32.31603218	55.57401586	1337.189
91	32.31593773	55.57419632	1337.114
92	32.31584126	55.57437944	1337.231
93	32.31574663	55.57455923	1337.322
94	32.31565119	55.57474125	1337.457
95	32.31555739	55.5749211	1337.659
96	32.31546212	55.57510388	1338.006
97	32.31536791	55.5752835	1338.186
98	32.3152736	55.57546254	1338.094
99	32.31517778	55.57564333	1338.069
100	32.31508509	55.57582227	1337.944
101	32.31503605	55.57591536	1337.191
102	32.31486427	55.57579524	1338.171
103	32.31471489	55.57569264	1338.836
104	32.31468874	55.57567445	1338.925
105	32.31479445	55.57547163	1338.141
106	32.31488916	55.57529113	1337.825
107	32.31498445	55.57510937	1337.609
108	32.31507798	55.57493058	1337.387
109	32.31517373	55.57474839	1337.12
110	32.31526817	55.5745682	1336.82
111	32.31536281	55.57438844	1336.686
112	32.3154579	55.57420736	1336.539
113	32.31555286	55.57402714	1336.239
114	32.31564905	55.57384395	1335.965
115	32.31574183	55.57366615	1335.489
116	32.31583799	55.57348378	1334.996
117	32.31593266	55.57330366	1334.67
118	32.31602657	55.5731237	1334.15
119	32.31611031	55.57296507	1333.02
120	32.31621345	55.57276583	1333.394
121	32.31631096	55.57258315	1334.278
122	32.3164057	55.57240365	1335.453
123	32.31650015	55.57222373	1336.511
124	32.31659439	55.57204388	1337.546
125	32.31668865	55.57186482	1338.8
126	32.3167843	55.57168244	1340.086
127	32.3168787	55.57150289	1341.232
128	32.31697328	55.57132284	1342.275
129	32.3170681	55.57114306	1343.215
130	32.31716317	55.57096296	1344.26
131	32.31724918	55.57079838	1345.459
132	32.31724895	55.57079912	1345.392
133	32.3173547	55.5705975	1343.531
134	32.31745045	55.57041601	1342.414
135	32.31754464	55.57023759	1341.609
136	32.3176399	55.57005735	1340.61
137	32.31773482	55.56987654	1339.495
138	32.31781994	55.56971565	1338.217
139	32.31781912	55.56971648	1338.069
140	32.31792387	55.56951604	1337.834
141	32.31802076	55.56933212	1337.841
142	32.31811507	55.56915231	1338.119
143	32.31820858	55.56897291	1338.402
144	32.31830491	55.56878955	1338.725
145	32.31839808	55.56861086	1338.823
146	32.3184913	55.5684316	1338.802
147	32.31858519	55.56825187	1338.881
148	32.31868202	55.56806894	1339.177
149	32.3187771	55.56788937	1339.551
150	32.318872	55.56770918	1339.566
151	32.31896823	55.56752567	1339.583
152	32.31906165	55.56734751	1339.64
153	32.31915567	55.56716887	1339.781
154	32.31921507	55.56705494	1339.872
155	32.31904788	55.56692629	1341.616
156	32.31890428	55.56681396	1343.23
157	32.31887934	55.56679096	1343.611
158	32.31877078	55.56699326	1342.888
159	32.31867478	55.56717445	1342.635
160	32.31857909	55.56735194	1342.385
161	32.3184829	55.56753374	1341.891
162	32.31839058	55.56771441	1341.821
163	32.31829631	55.56789405	1341.889
164	32.31820118	55.56807511	1342.081
165	32.31810703	55.56825449	1342.07
166	32.31801115	55.56843596	1341.919
167	32.31791439	55.56861781	1341.722
168	32.31781894	55.56880082	1341.552
169	32.31772389	55.56898223	1341.555
170	32.31763025	55.56916074	1341.107
171	32.31753435	55.56934322	1340.906
172	32.31745618	55.56949488	1340.454
173	32.31734685	55.56969721	1340.879
174	32.31725228	55.56987763	1341.45
175	32.3171583	55.57005752	1342.271
176	32.31706499	55.57023924	1343.856
177	32.31696924	55.5704206	1345.682
178	32.31688403	55.57058366	1347.947
179	32.31688618	55.57057949	1347.588
180	32.31678047	55.57077654	1346.581
181	32.31668136	55.57096654	1345.944
182	32.31658677	55.5711422	1345.539
183	32.31649379	55.57132067	1344.504
184	32.31640001	55.57150094	1344.03
185	32.31630495	55.57168217	1343.429
186	32.3162102	55.57186244	1343.118
187	32.3161136	55.57204604	1342.899
188	32.31601828	55.57222573	1342.645
189	32.31592469	55.57240624	1342.446
190	32.31582921	55.57258667	1342.276
191	32.31573383	55.57276695	1342.096
192	32.31563795	55.57294887	1341.722
193	32.31554492	55.57312578	1340.892
194	32.31544958	55.57330823	1339.993
195	32.31535527	55.57348861	1339.473
196	32.31526078	55.5736673	1338.933
197	32.31516309	55.57385148	1338.565
198	32.31506928	55.5740304	1337.792
199	32.31497528	55.57421111	1337.317
200	32.31488061	55.57439184	1336.895
201	32.31478732	55.5745724	1336.749
202	32.31475143	55.57464159	1335.867
203	32.31464505	55.57483643	1335.828
204	32.31454892	55.57502242	1336.876
205	32.31445609	55.57520235	1338.454
206	32.3143634	55.57537753	1340.482
207	32.314338	55.57542371	1341.075
208	32.31416669	55.5753076	1341.449
209	32.31401828	55.57520375	1341.478
210	32.31398824	55.57518565	1342.001
211	32.31409377	55.57498363	1342.097
212	32.3141888	55.57480408	1342.312
213	32.31428335	55.57462446	1342.518
214	32.31437919	55.57444228	1342.628
215	32.31447427	55.57426126	1342.734
216	32.31456891	55.57408262	1342.932
217	32.31466519	55.57390063	1343.376
218	32.31475946	55.57372091	1343.675
219	32.3148539	55.57354088	1344.008
220	32.31494816	55.57336148	1344.303
221	32.31504361	55.57317929	1344.286
222	32.31513866	55.57299941	1344.433
223	32.31523259	55.57282021	1344.646
224	32.31532875	55.572637	1344.885
225	32.31542356	55.57245739	1345.192
226	32.3155196	55.57227629	1345.761
227	32.31561388	55.57209608	1346.207
228	32.31570819	55.57191606	1346.6
229	32.31580352	55.57173317	1346.778
230	32.31594085	55.57147215	1345.641
231	32.31598816	55.57138051	1345.875
232	32.31608819	55.57119065	1346.019
233	32.3161827	55.57101	1346.371
234	32.31627657	55.57083133	1346.283
235	32.31637421	55.5706483	1346.437
236	32.31646846	55.57046928	1347.061
237	32.31655001	55.57031203	1346.62
238	32.31665466	55.57011127	1344.958
239	32.31675103	55.56993004	1343.978
240	32.31684634	55.56974988	1343.229
241	32.31694381	55.56956601	1342.806
242	32.31703801	55.56938668	1342.33
243	32.31713355	55.56920385	1341.431
244	32.31722575	55.56902782	1340.492
245	32.3172621	55.568957	1339.252
246	32.3173656	55.56875876	1342.383
247	32.31746073	55.56857842	1345.137
248	32.31754721	55.56841506	1348.209
249	32.31754763	55.56841431	1348.384
250	32.31765275	55.56821437	1348.354
251	32.31774856	55.56803193	1348.286
252	32.31784252	55.56785278	1348.022
253	32.31793757	55.56767138	1347.541
254	32.31803346	55.56748841	1347.076
255	32.31812734	55.56730885	1347.01
256	32.31822352	55.56712553	1346.866
257	32.3183185	55.56694568	1346.787
258	32.31841285	55.56676596	1346.89
259	32.31850555	55.56658928	1346.707
260	32.31853646	55.56653173	1345.704
261	32.3183702	55.56640262	1345.25
262	32.31822386	55.56628936	1345.764
263	32.31819994	55.5662687	1345.637
264	32.31809275	55.56646372	1345.3
265	32.31799582	55.56664501	1345.215
266	32.31790137	55.5668255	1345.613
267	32.31780647	55.56700926	1346.306
268	32.31771308	55.56718819	1347.056
269	32.31761826	55.56736497	1346.839
270	32.31752096	55.56755075	1346.747
271	32.31742537	55.56773032	1346.983
272	32.31733132	55.56791111	1347.238
273	32.31723657	55.56809229	1347.861
274	32.31714104	55.56827344	1348.024
275	32.31704566	55.56845464	1347.549
276	32.31694975	55.56863525	1347.164
277	32.31685551	55.56881612	1347.234
278	32.31676078	55.56899671	1347.507
279	32.31666507	55.56917979	1347.666
280	32.31657009	55.56935856	1347.545
281	32.31647745	55.56953928	1347.461
282	32.3163823	55.56972014	1347.993
283	32.31628531	55.56990032	1348.141
284	32.31619131	55.57007919	1347.774
285	32.31609621	55.57026158	1347.931
286	32.3160026	55.57044169	1347.849
287	32.3159072	55.57062324	1347.578
288	32.31581309	55.57080296	1347.335
289	32.3157184	55.57098401	1347.35
290	32.31562298	55.57116635	1347.364
291	32.31552877	55.57134524	1347.091
292	32.31543426	55.57152495	1346.899
293	32.31533834	55.57170608	1346.654
294	32.31524327	55.57188597	1346.481
295	32.31514708	55.57206889	1346.376
296	32.31505217	55.57224755	1346.141
297	32.31495747	55.57242753	1346.153
298	32.31486278	55.57260712	1346.372
299	32.31478197	55.57276684	1346.369
300	32.31467455	55.57296298	1345.186
301	32.31457923	55.57314716	1344.184
302	32.3144851	55.5733272	1343.701
303	32.31439041	55.57350846	1343.333
304	32.31429616	55.57368713	1342.851
305	32.31420028	55.57386997	1342.21
306	32.31410517	55.57405071	1341.519
307	32.31401048	55.57423096	1340.797
308	32.31391587	55.57441059	1340.061
309	32.31382086	55.57459179	1339.604
310	32.3137249	55.57477378	1338.768
311	32.31364058	55.57493942	1338.031
312	32.31363814	55.57494001	1337.258
313	32.31346786	55.57482302	1339.106
314	32.31331823	55.57471834	1340.661
315	32.31329015	55.57469965	1341.196
316	32.31339415	55.57449781	1340.994
317	32.31348864	55.57431798	1341.27
318	32.31358308	55.57413844	1341.618
319	32.31367965	55.57395489	1342.227
320	32.3137736	55.57377535	1342.648
321	32.31386737	55.57359616	1342.787
322	32.31396241	55.57341586	1343.095
323	32.31405654	55.57323612	1343.358
324	32.3141524	55.573053	1343.455
325	32.3142463	55.57287331	1343.402
326	32.31434047	55.57269428	1343.25
327	32.31443635	55.57251212	1343.411
328	32.31453145	55.57233149	1343.887
329	32.31462631	55.57215178	1344.139
330	32.31472194	55.57197119	1344.579
331	32.31481607	55.57179106	1344.682
332	32.31491061	55.57161078	1344.661
333	32.31500516	55.57143092	1344.716
334	32.31510083	55.57124836	1344.615
335	32.31519464	55.57106913	1344.428
336	32.31529045	55.57088697	1344.573
337	32.31538552	55.57070668	1344.827
338	32.31548035	55.57052681	1345.09
339	32.31557544	55.57034564	1345.324
340	32.31567019	55.57016511	1345.41
341	32.31576415	55.56998601	1345.33
342	32.31585964	55.56980427	1345.162
343	32.31595615	55.56962138	1345.374
344	32.31605047	55.56944239	1345.744
345	32.31614485	55.56926297	1345.926
346	32.31624044	55.56908041	1345.798
347	32.31633495	55.56890014	1345.745
348	32.31642894	55.56872188	1345.661
349	32.31652505	55.56853903	1345.634
350	32.31661841	55.56835961	1345.619
351	32.31671358	55.56817845	1345.817
352	32.31680821	55.56799882	1346.195
353	32.31690244	55.5678189	1346.363
354	32.31699811	55.56763768	1346.69
355	32.31709301	55.56745794	1346.939
356	32.31718776	55.56727747	1347.015
357	32.31728328	55.567095	1347.106
358	32.31737815	55.56691449	1346.984
359	32.31747292	55.56673499	1347.07
360	32.31756756	55.56655519	1347.361
361	32.31766187	55.56637573	1347.595
362	32.31775802	55.56619304	1347.91
363	32.31784458	55.5660254	1347.958
364	32.31785289	55.56601325	1347.215
365	32.31768712	55.56588127	1347.965
366	32.31754211	55.56576855	1349.32
367	32.31751922	55.5657472	1349.288
368	32.31741051	55.56594478	1348.961
369	32.31731523	55.5661271	1348.854
370	32.31721948	55.5663085	1349.277
371	32.31712507	55.56648875	1349.593
372	32.31703029	55.56666786	1349.802
373	32.31693452	55.56685015	1349.856
374	32.31684003	55.56703117	1349.961
375	32.31674451	55.56721005	1350.079
376	32.31664876	55.56739335	1350.021
377	32.31655435	55.5675731	1350.134
378	32.3164599	55.5677533	1350.4
379	32.3163641	55.56793604	1350.557
380	32.31626957	55.56811734	1350.811
381	32.31617515	55.56829693	1351.084
382	32.31608078	55.56847601	1351.035
383	32.31598526	55.56866026	1351.114
384	32.31589068	55.56884099	1351.682
385	32.31579566	55.56901892	1351.758
386	32.31570068	55.56919774	1351.345
387	32.31560302	55.56938327	1351.562
388	32.31550871	55.56956466	1351.883
389	32.31541547	55.56974682	1352.182
390	32.31532092	55.56992446	1352.123
391	32.31522452	55.57010338	1351.755
392	32.31512794	55.57028896	1351.733
393	32.31503308	55.57046811	1351.66
394	32.31493812	55.57064601	1351.3
395	32.31484361	55.57082669	1350.788
396	32.31474819	55.57101417	1351.217
397	32.31465369	55.57119024	1351.32
398	32.31456301	55.57136644	1350.828
399	32.31453152	55.57143175	1350.974
400	32.3144226	55.57162681	1348.881
401	32.31432822	55.57181097	1347.646
402	32.31423285	55.57199346	1346.988
403	32.31413834	55.57217585	1346.813
404	32.31404174	55.57235955	1346.833
405	32.31394717	55.57253737	1345.862
406	32.3138526	55.57271594	1344.635
407	32.31375802	55.57289564	1343.34
408	32.31366273	55.57307606	1342.242
409	32.3135681	55.57325847	1341.358
410	32.31353284	55.57332634	1340.401
411	32.31342557	55.57352777	1340.602
412	32.31332971	55.57370896	1341.78
413	32.31323639	55.57388618	1342.914
414	32.31313993	55.57407119	1344.405
415	32.31304538	55.57424971	1346.205
416	32.31295624	55.57442214	1347.742
417	32.3129389	55.5744535	1348.239
418	32.31277009	55.57433792	1347.866
419	32.31261833	55.57423176	1347.246
420	32.31259198	55.57421429	1347.047
421	32.31269539	55.57401167	1346.78
422	32.31279129	55.57382927	1346.833
