2	32.29934416	55.56883574	1419.208
3	32.29950976	55.5689637	1418.048
4	32.29965751	55.56909297	1417.605
5	32.29980681	55.56921814	1417.551
6	32.29995288	55.56933517	1417.149
7	32.30009999	55.56945328	1416.026
8	32.30024727	55.56957362	1414.712
9	32.30039546	55.56969536	1413.755
10	32.30054345	55.5698175	1413.099
11	32.30069127	55.5699359	1411.768
12	32.30083926	55.57005626	1410.37
13	32.30098644	55.5701765	1409.339
14	32.30113405	55.57029882	1408.304
15	32.30128129	55.57041815	1407.219
16	32.30142948	55.57054003	1406.234
17	32.30157592	55.57066066	1405.507
18	32.3017264	55.57078205	1404.656
19	32.30187342	55.5709028	1403.776
20	32.30202064	55.57102218	1402.831
21	32.30216725	55.57114098	1401.718
22	32.30231553	55.57126153	1400.277
23	32.30246302	55.57138307	1399.176
24	32.30261016	55.57150466	1398.242
25	32.30275961	55.57162853	1397.349
26	32.30290616	55.57174852	1396.312
27	32.3030551	55.57186944	1395.159
28	32.30320237	55.57198961	1394.161
29	32.30335103	55.57211034	1392.992
30	32.30349757	55.57223036	1391.817
31	32.30364416	55.57235048	1390.477
32	32.30379425	55.57247297	1389.321
33	32.30394182	55.57259286	1388.297
34	32.3040893	55.57271302	1387.351
35	32.30423952	55.57283543	1386.436
36	32.30438698	55.5729562	1385.443
37	32.30453454	55.57307645	1384.426
38	32.30468245	55.57319734	1383.421
39	32.30482943	55.57331761	1382.272
40	32.30497652	55.5734376	1381.217
41	32.30512721	55.5735607	1380.208
42	32.30527343	55.57368126	1379.25
43	32.30542065	55.57380175	1378.328
44	32.30556872	55.57392162	1377.316
45	32.30571825	55.57404489	1376.354
46	32.30586324	55.57416382	1375.367
47	32.30601382	55.57428689	1374.271
48	32.30616102	55.57440839	1373.2
49	32.30630838	55.57452877	1372.011
50	32.30645495	55.57464806	1370.754
51	32.30660456	55.57476975	1369.462
52	32.30675125	55.57488939	1368.247
53	32.30689779	55.57500924	1367.04
54	32.3070459	55.57513034	1365.808
55	32.30719627	55.57525237	1364.7
56	32.3073432	55.57537326	1363.698
57	32.3074897	55.57549324	1362.674
58	32.3076366	55.57561354	1361.515
59	32.30778385	55.57573444	1360.386
60	32.307934	55.57585775	1359.241
61	32.30808071	55.57597739	1358.021
62	32.30822838	55.57609657	1356.774
63	32.30837441	55.57621851	1355.735
64	32.30843246	55.57626531	1354.728
65	32.30854221	55.5760713	1354.415
66	32.30864092	55.57590293	1354.25
67	32.30865947	55.57587032	1354.469
68	32.30849333	55.57573666	1355.377
69	32.30834292	55.57561359	1356.043
70	32.30819624	55.57549272	1357.117
71	32.30805007	55.57537265	1358.056
72	32.30790023	55.57525009	1359.017
73	32.30775402	55.57512965	1360.04
74	32.30760624	55.57500825	1361.139
75	32.30745941	55.57488833	1362.223
76	32.30731239	55.57476885	1363.237
77	32.30716293	55.57464663	1364.303
78	32.30701575	55.57452664	1365.385
79	32.30686887	55.57440669	1366.476
80	32.30671921	55.57428511	1367.524
81	32.30657168	55.57416552	1368.545
82	32.30642505	55.57404588	1369.582
83	32.30627675	55.57392401	1370.773
84	32.30612992	55.57380403	1371.982
85	32.30598196	55.57368234	1373.316
86	32.30583246	55.57356013	1374.582
87	32.30568496	55.5734397	1375.642
88	32.30553695	55.57331954	1376.53
89	32.30538931	55.57319904	1377.401
90	32.30524195	55.57307841	1378.341
91	32.30509485	55.57295807	1379.28
92	32.30494633	55.5728367	1380.406
93	32.30479707	55.57271386	1381.554
94	32.30464954	55.57259201	1382.734
95	32.30450324	55.57247225	1383.951
96	32.30435584	55.57235156	1385.014
97	32.30420603	55.5722291	1386.055
98	32.30405903	55.5721092	1387.08
99	32.3039114	55.57198857	1388.115
100	32.30376377	55.57186817	1389.169
101	32.30361679	55.5717482	1390.23
102	32.30346949	55.57162817	1391.333
103	32.30332011	55.57150666	1392.461
104	32.30317328	55.5713869	1393.682
105	32.30302366	55.571265	1394.86
106	32.30287634	55.57114451	1395.921
107	32.30272951	55.57102439	1396.959
108	32.30258231	55.57090382	1398.023
109	32.30243426	55.57078278	1399.136
110	32.30228442	55.57066024	1400.158
111	32.30213731	55.5705402	1401.129
112	32.30199014	55.57041934	1402.088
113	32.30184321	55.57029881	1403.121
114	32.30169358	55.57017551	1404.196
115	32.30154676	55.57005526	1405.293
116	32.30139682	55.56993313	1406.511
117	32.30124989	55.56981408	1407.463
118	32.30110243	55.56969336	1408.419
119	32.30095236	55.569571	1409.302
120	32.30080613	55.56945276	1410.209
121	32.30065914	55.56933302	1411.384
122	32.30051069	55.56921116	1412.565
123	32.30036367	55.5690904	1413.718
124	32.30021691	55.56896916	1414.672
125	32.30006683	55.56884715	1415.591
126	32.29991948	55.5687269	1416.609
127	32.29977221	55.56860661	1417.553
128	32.2996292	55.56849131	1418.554
129	32.29959006	55.56845903	1419.151
130	32.29971037	55.56827018	1418.584
131	32.29981512	55.56810926	1418.768
132	32.29983395	55.56807834	1418.939
133	32.2999949	55.56820591	1417.244
134	32.30014937	55.56833134	1416.609
135	32.30029748	55.5684526	1416.533
136	32.30044486	55.56857311	1416.211
137	32.30059241	55.56869334	1415.304
138	32.3007385	55.56881312	1413.752
139	32.30088498	55.5689336	1412.469
140	32.30103444	55.56905738	1411.491
141	32.30118338	55.56917819	1410.711
142	32.30133113	55.56929905	1410.217
143	32.30147786	55.56941914	1409.241
144	32.30162776	55.5695409	1407.812
145	32.30177422	55.56965902	1406.381
146	32.30192112	55.56977837	1405.044
147	32.30206657	55.56989861	1403.743
148	32.30221302	55.57001935	1402.569
149	32.30236121	55.57014081	1401.193
150	32.30250992	55.5702622	1400.275
151	32.30265822	55.57038281	1399.744
152	32.30280577	55.57050346	1399.004
153	32.30295686	55.57062715	1398.193
154	32.30310327	55.57074726	1397.424
155	32.30325314	55.57086916	1396.373
156	32.30339906	55.57098762	1395.238
157	32.30354592	55.571107	1393.749
158	32.30369598	55.5712289	1392.249
159	32.30384217	55.57134911	1391.073
160	32.30399023	55.57147004	1390.055
161	32.30413863	55.57159141	1389.108
162	32.30428624	55.57171187	1388.12
163	32.30443439	55.57183359	1387.452
164	32.30458228	55.57195162	1386.676
165	32.30473168	55.5720758	1385.755
166	32.3048775	55.5721949	1384.718
167	32.30502513	55.57231568	1383.772
168	32.30517145	55.57243617	1382.934
169	32.30532176	55.57255775	1381.888
170	32.305468	55.57267759	1380.831
171	32.30561593	55.57279619	1379.562
172	32.305765	55.57291768	1378.865
173	32.30591438	55.5730403	1377.986
174	32.30606221	55.57316173	1377.032
175	32.3062091	55.57328309	1376.212
176	32.30635617	55.57340211	1375.066
177	32.30650539	55.57352406	1373.772
178	32.30665205	55.57364404	1372.592
179	32.30679926	55.57376458	1371.49
180	32.30694797	55.57388655	1370.662
181	32.30709421	55.57400605	1369.862
182	32.30724352	55.57412829	1368.63
183	32.30739122	55.57424891	1367.648
184	32.30753908	55.57437003	1366.527
185	32.30768652	55.57448997	1365.135
186	32.30783364	55.57461056	1363.981
187	32.30798331	55.57473349	1362.843
188	32.30813153	55.57485454	1361.896
189	32.30827774	55.57497307	1360.813
190	32.3084287	55.57509533	1359.646
191	32.30857598	55.57521427	1358.449
192	32.30872303	55.57533552	1357.334
193	32.30886096	55.57545587	1356.601
194	32.30888482	55.57546698	1355.434
195	32.30899298	55.57527167	1354.877
196	32.30909114	55.5751024	1355.136
197	32.30910848	55.57507296	1355.28
198	32.30894457	55.57493846	1356.158
199	32.30879707	55.57481806	1356.887
200	32.30864925	55.57469803	1357.882
201	32.30849976	55.57457632	1359.134
202	32.30835325	55.57445509	1360.294
203	32.30820637	55.57433469	1361.43
204	32.30805679	55.57421248	1362.534
205	32.30790985	55.57409231	1363.545
206	32.30776216	55.57397128	1364.722
207	32.30761541	55.57385155	1365.928
208	32.30746526	55.57372885	1367.145
209	32.30731835	55.57360783	1368.355
210	32.3071717	55.57348688	1369.35
211	32.30702425	55.57336686	1370.222
212	32.30687591	55.57324553	1371.016
213	32.30672651	55.5731244	1371.824
214	32.30657931	55.57300379	1372.786
215	32.30643052	55.57288363	1373.816
216	32.30628271	55.57276329	1375.014
217	32.30613507	55.57264285	1376.198
218	32.30598684	55.57252055	1377.337
219	32.30583935	55.57240019	1378.39
220	32.30569282	55.57228004	1379.22
221	32.30554458	55.57216025	1380.288
222	32.30539434	55.57203776	1381.393
223	32.30524808	55.57191746	1382.52
224	32.30510091	55.57179636	1383.494
225	32.30495452	55.57167547	1384.444
226	32.30480475	55.57155346	1385.324
227	32.30465752	55.57143351	1386.239
228	32.30450986	55.57131316	1387.299
229	32.30436326	55.57119322	1388.182
230	32.30421548	55.57107214	1389.114
231	32.30406795	55.57095166	1390.078
232	32.30391807	55.57082929	1391.076
233	32.30377058	55.57070781	1392.135
234	32.30362249	55.57058718	1393.202
235	32.3034747	55.57046772	1394.297
236	32.30332476	55.57034865	1395.387
237	32.30317641	55.57022831	1396.606
238	32.30303134	55.57010838	1397.764
239	32.30288319	55.56998512	1398.69
240	32.30273556	55.56986448	1399.674
241	32.30258892	55.56974322	1400.88
242	32.30244222	55.56962339	1402.061
243	32.30229243	55.5695016	1403.178
244	32.30214274	55.56938129	1404.298
245	32.30199574	55.56926133	1405.491
246	32.30184932	55.56914126	1406.483
247	32.30170095	55.5690188	1407.473
248	32.30155321	55.56889822	1408.627
249	32.30140613	55.56877786	1409.798
250	32.30125713	55.56865541	1410.754
251	32.30110911	55.56853544	1411.752
252	32.300962	55.56841509	1412.825
253	32.30081466	55.56829417	1413.78
254	32.30066679	55.56817399	1414.575
255	32.30051821	55.56805261	1415.774
256	32.30037234	55.567933	1416.704
257	32.3002218	55.56781073	1417.673
258	32.30008839	55.56770053	1418.847
259	32.3000852	55.56770252	1418.602
260	32.30020209	55.56751243	1418.186
261	32.30031336	55.56734641	1417.805
262	32.30032908	55.56731866	1417.12
263	32.30049167	55.56744671	1415.382
264	32.30064529	55.56757356	1414.488
265	32.30079049	55.56769202	1414.069
266	32.30093667	55.56780997	1413.307
267	32.30108359	55.56792891	1412.156
268	32.30123348	55.56805201	1411.229
269	32.30138008	55.56817299	1410.478
270	32.30152684	55.56829353	1409.694
271	32.30167642	55.5684151	1408.639
272	32.30182393	55.56853433	1407.604
273	32.30197397	55.5686567	1406.766
274	32.30212094	55.56877702	1405.912
275	32.30226884	55.56889789	1405.114
276	32.30241616	55.5690175	1404.249
277	32.30256232	55.56913754	1403.035
278	32.30271084	55.56925948	1402.02
279	32.3028598	55.56938027	1400.899
280	32.30300769	55.56950019	1399.538
281	32.30315258	55.56961898	1398.21
282	32.30330272	55.5697411	1397.113
283	32.30345004	55.56986078	1396.056
284	32.30359629	55.56998258	1395.134
285	32.30374331	55.57010291	1394.304
286	32.30389225	55.57022552	1393.301
287	32.30404016	55.57034605	1392.476
288	32.30418874	55.57046762	1391.893
289	32.30433729	55.57058794	1391.21
290	32.3044855	55.57070838	1390.287
291	32.30463372	55.57082831	1389.209
292	32.30477938	55.57094698	1388.111
293	32.3049294	55.57106953	1387.071
294	32.30507695	55.57119113	1386.381
295	32.30522178	55.57131031	1385.456
296	32.30537023	55.57143106	1384.187
297	32.3055176	55.57155271	1383.119
298	32.30566541	55.57167395	1382.349
299	32.30581259	55.57179423	1381.536
300	32.30596182	55.57191568	1380.316
301	32.30610945	55.57203573	1378.829
302	32.30625593	55.57215653	1377.674
303	32.30640334	55.57227721	1376.642
304	32.30655347	55.57239916	1375.536
305	32.30670025	55.57251925	1374.507
306	32.30684721	55.57263898	1373.393
307	32.30699597	55.57276157	1372.464
308	32.30714423	55.57288226	1371.403
309	32.3072914	55.5730028	1370.412
310	32.30743835	55.57312301	1369.491
311	32.30758576	55.57324326	1368.455
312	32.30773262	55.57336333	1367.448
313	32.30788169	55.57348495	1366.331
314	32.30802945	55.57360574	1365.352
315	32.30817714	55.57372627	1364.449
316	32.30832668	55.57384884	1363.509
317	32.30847341	55.57396909	1362.569
318	32.30862066	55.57408803	1361.419
319	32.30877063	55.5742104	1360.246
320	32.30891765	55.57433178	1359.317
321	32.30906407	55.57444993	1358.384
322	32.30921157	55.57456941	1357.138
323	32.30932955	55.57466583	1355.024
324	32.30943762	55.57447463	1355.168
325	32.30953762	55.57430246	1355.569
326	32.30955523	55.57427363	1355.613
327	32.30939057	55.57413901	1356.187
328	32.3092399	55.57401572	1357.003
329	32.30909427	55.57389549	1357.998
330	32.30894661	55.57377602	1359.145
331	32.30879994	55.57365571	1360.496
332	32.30865059	55.57353264	1361.688
333	32.30850288	55.57341261	1362.723
334	32.3083553	55.57329169	1363.86
335	32.30820921	55.57317209	1364.74
336	32.30806237	55.57305206	1365.451
337	32.30791294	55.57292948	1366.378
338	32.30776657	55.57280851	1367.08
339	32.30761872	55.57268863	1367.937
340	32.30746958	55.57256704	1368.996
341	32.30732164	55.57244724	1370.023
342	32.30717508	55.57232672	1371.235
343	32.30702526	55.57220347	1372.303
344	32.3068794	55.5720845	1373.43
345	32.3067302	55.57196177	1374.54
346	32.30658472	55.57184257	1375.468
347	32.30643643	55.57172157	1376.493
348	32.30628691	55.57159954	1377.552
349	32.30613922	55.57147883	1378.639
350	32.30599207	55.57135845	1379.679
351	32.30584447	55.57123766	1380.74
352	32.30569756	55.57111836	1381.811
353	32.30555134	55.57099862	1382.817
354	32.30540236	55.57087657	1383.887
355	32.30525431	55.57075649	1385.119
356	32.30510429	55.57063412	1386.473
357	32.30495791	55.5705139	1387.382
358	32.30481066	55.57039342	1388.152
359	32.30466257	55.57027309	1389.06
360	32.30451555	55.57015325	1390.217
361	32.30436679	55.57003113	1391.249
362	32.30422039	55.56991135	1392.268
363	32.30407251	55.56979093	1393.468
364	32.3039267	55.5696719	1394.503
365	32.30377543	55.56954918	1395.659
366	32.30362511	55.56942721	1397.056
367	32.30347862	55.56930696	1398.211
368	32.30333223	55.56918674	1399.103
369	32.30318584	55.56906706	1399.886
370	32.30303615	55.56894436	1400.814
371	32.30288882	55.56882436	1401.887
372	32.30274126	55.56870334	1402.87
373	32.30259267	55.56858196	1403.816
374	32.3024461	55.56846266	1404.724
375	32.30229848	55.56834198	1405.777
376	32.30215146	55.56822206	1406.731
377	32.30200426	55.56810186	1407.586
378	32.30185369	55.56797915	1408.514
379	32.3017077	55.56785899	1409.389
380	32.30155993	55.56773698	1410.128
381	32.3014112	55.56761687	1411.085
382	32.30126275	55.567496	1412.259
383	32.30111557	55.56737622	1413.527
384	32.30096772	55.56725711	1414.838
385	32.30082007	55.56713697	1416.009
386	32.30067181	55.56701287	1417.127
387	32.30057697	55.56693636	1417.813
388	32.30069626	55.56674657	1417.558
389	32.30080219	55.56658465	1417.869
390	32.30081966	55.56655486	1417.756
391	32.30098294	55.56668439	1416.122
392	32.30113288	55.56680939	1415.185
