chainage	0.0
-15.0	1318.834
-10.492	1320.385
-9.632	1320.732
-9.262	1320.839
-8.382	1320.964
-7.685	1320.901
-6.211	1320.848
-3.03	1320.785
0	1320.774
3.675	1320.766
5.735	1320.726
9.94	1320.732
13.362	1320.673
14.024	1320.687
14.993	1320.664
chainage	10.0
-14.995	1318.969
-12.153	1318.776
-8.176	1318.762
-6.902	1318.991
-3.932	1320.403
-1.849	1320.873
-0.163	1320.814
0	1320.819
0.485	1320.836
1.945	1320.82
4.098	1320.833
6.461	1320.848
9.777	1320.781
10.142	1320.78
11.75	1320.777
13.517	1320.832
15.036	1320.822
chainage	20.0
-14.823	1319.445
-10.55	1319.18
-7.258	1318.998
-4.855	1319.009
-3.537	1319.204
-1.614	1320.166
0	1320.817
0.543	1320.906
0.786	1320.957
1.252	1320.929
1.443	1320.924
2.599	1320.853
4.356	1320.835
5.138	1320.858
6.917	1320.875
10.609	1320.87
11.914	1320.816
14.968	1320.845
chainage	30.0
-14.854	1319.745
-11.492	1319.593
-8.14	1319.366
-6.127	1319.25
-3.622	1319.342
-1.663	1320.209
0	1320.717
1.2	1320.928
1.823	1320.933
2.883	1320.853
4.013	1320.879
6.532	1320.943
9.442	1320.896
12.129	1320.861
15.036	1320.86
chainage	40.0
-14.195	1319.979
-9.042	1319.439
-6.185	1319.341
-3.705	1320.015
-1.306	1320.895
0	1321.162
1.174	1320.996
3.288	1320.973
5.964	1320.995
8.721	1320.975
10.872	1320.964
12.478	1320.946
15.178	1320.83
chainage	50.0
-15.046	1320.116
-11.972	1319.45
-7.899	1319.333
-4.414	1320.665
-2.414	1321.199
-1.513	1321.103
0	1321.031
1.966	1321.072
5.136	1321.09
8.431	1321.045
11.924	1320.997
13.143	1320.965
15.088	1320.893
chainage	60.0
-15.009	1319.98
-11.987	1319.627
-8.454	1320.199
-5.602	1321.02
-4.591	1321.35
-3.945	1321.37
-3.051	1321.387
0	1321.34
2.076	1321.384
3.697	1321.359
6.111	1321.361
10.057	1321.38
13.337	1321.336
15.157	1320.963
chainage	70.0
-14.957	1320.061
-11.575	1320.019
-8.056	1321.108
-6.269	1321.451
-4.812	1321.414
-3.456	1321.375
0	1321.349
2.45	1321.343
4.871	1321.319
5.867	1321.285
8.005	1321.283
11.456	1321.18
14.84	1321.014
chainage	80.0
-14.941	1320.067
-10.862	1321.06
-8.829	1321.532
-7.878	1321.551
-6.476	1321.517
-4.169	1321.504
-1.769	1321.531
0	1321.474
3.069	1321.426
4.164	1321.428
8.504	1321.373
11.213	1321.186
14.791	1321.066
chainage	90.0
-15.317	1320.221
-10.742	1321.63
-9.926	1321.725
-8.668	1321.703
-7.805	1321.67
-6.118	1321.661
-2.192	1321.675
0	1321.608
0.738	1321.618
2.311	1321.597
3.569	1321.507
6.08	1321.501
7.972	1321.408
12.031	1321.158
14.892	1321.16
chainage	100.0
-15.029	1320.978
-12.517	1321.714
-12.057	1321.825
-11.394	1321.899
-10.996	1321.854
-9.365	1321.826
-7.998	1321.856
-6.808	1321.881
-5.705	1321.879
-3.571	1321.837
-1.54	1321.821
0	1321.831
0.663	1321.775
4.41	1321.63
8.796	1321.335
12.674	1321.191
13.204	1321.193
15.053	1321.349
chainage	110.0
-14.877	1321.778
-13.177	1322.098
-11.754	1322.01
-11.039	1321.98
-9.579	1322.02
-7.023	1322.062
-3.781	1322.029
-1.39	1321.964
-1.251	1321.961
0	1321.926
1.327	1321.836
2.099	1321.792
4.093	1321.677
7.3	1321.553
10.958	1321.336
13.273	1321.562
15.308	1321.42
chainage	120.0
-14.929	1322.263
-12.85	1322.248
-11.631	1322.256
-9.951	1322.255
-6.878	1322.201
-5.064	1322.244
-3.282	1322.151
0	1322.008
2.393	1321.925
3.585	1321.895
6.053	1321.772
7.794	1321.683
9.579	1321.596
12.312	1321.732
15.153	1321.621
chainage	130.0
-14.93	1322.38
-14.081	1322.394
-12.447	1322.374
-10.029	1322.422
-8.199	1322.414
-5.34	1322.364
-1.996	1322.225
0	1322.126
2.525	1322.059
4.414	1321.977
6.917	1321.813
7.829	1321.688
10.653	1321.946
14.995	1321.408
chainage	140.0
-14.986	1322.541
-12.978	1322.557
-10.403	1322.585
-7.899	1322.536
-6.687	1322.502
-2.815	1322.357
0	1322.252
3.461	1322.141
5.966	1322.031
6.534	1321.866
8.06	1322.048
9.23	1322.199
9.58	1322.132
11.472	1321.258
14.969	1318.889
chainage	150.0
-14.854	1322.708
-11.795	1322.728
-8.835	1322.73
-7.577	1322.762
-5.757	1322.638
-3.392	1322.52
-1.177	1322.442
0	1322.409
2.366	1322.348
4.832	1322.288
5.983	1322.314
7.522	1322.508
8.724	1322.458
10.94	1321.717
14.396	1319.749
15.044	1319.389
chainage	160.0
-15.067	1322.905
-11.851	1322.921
-9.462	1322.926
-8.23	1322.937
-6.921	1322.842
-4.185	1322.721
-1.694	1322.655
0	1322.654
2.233	1322.631
4.044	1322.564
5.544	1322.76
6.683	1322.942
7.35	1322.998
8.287	1322.795
10.807	1322.087
14.993	1319.601
chainage	170.0
-14.989	1323.033
-11.602	1323.071
-9.812	1323.061
-8.552	1323.039
-6.784	1322.973
-5.81	1322.929
-3.586	1322.856
0	1322.899
3.597	1322.88
6.094	1323.241
6.718	1323.262
7.205	1323.148
10.436	1321.009
13.073	1319.377
14.978	1319.05
chainage	170.44
-15.006	1322.993
-11.601	1323.034
-9.845	1323.068
-8.579	1323.045
-6.8	1323.004
-5.8	1322.949
-3.6	1322.874
0	1322.908
3.599	1322.887
6.1	1323.205
6.727	1323.266
7.215	1323.111
10.433	1320.948
12.992	1319.388
14.994	1319.064
